test <- c(1:10)